000000000000000000000000000000000000000000000
000000000000000000000000000000000000000000000
000000000000000000000000000000000000000000000
000000000000000000000000000000000000000000000
000000000000000000000000000000000000000000000
000000000000000000000000000000000000000000000
000000000000000000000000000000000000000000000
000000000000000000000000000000000000000000000
000000000000000000000000000000000000000000000
00000000011111111111110000000001S110000000000
000000000100000000001000000000011110000000000
000000000100000000001000000000011110000000000
000000001111000000001000000000001100000000000
000000001111000000001000000000001100000000000
000000001111000000001000000000001100000000000
000000001111000000001000000000001100000000000
000000001111000000001000000000001100000000000
000000001110000000001000000000001100000000000
000000000100000000001000000000001100000000000
000000000111111000001111100000001100000000000
000000000111111000001111111111111100000000000
000000000111011000001111111111111100000000000
000000000110011000001111100000000000000000000
000000000110011000000000000000000000000000000
000000000110011000000000000000000000000000000
000000000110011000000000000000000000000000000
000000000110011000000000000000000000000000000
000000000110011000000000000000000000000000000
000000000110011000000000000000000000000000000
000000000000111111100000000000000000000000000
000000000001111111111111000000000000000000000
000000000011111111111111111100000000000000000
000000000111111111111111111111000000000000000
000000000111111111111111111111110000000000000
000000000111111111111111111111111100000000000
000000000111111111111111111111111100000000000
000000000111111111111111111111111100000000000
000000000111111111111111111111111000000000000
000000011111111111111111111111111000000000000
000000111111111111111111111111111000000000000
001111111111111111111111111111111000000000000
000000011111111111111111111111111110000000000
000000011111111111111111111111111110000000000
000000000111111111111111111111111110000000000
000000000111111111111111111111111111000000000
000000000111111111111111111111111111000000000
000000000000111111111111111111111110000000000
000000000000000111111111111111111100000000000
000000000000000011111111111111110000000000000
000000000000000011111111111110000000000000000
000000000000000000001111111100000000000000000
000000000000000000000001100000000000000000000
000000000000000000000001100000000000000000000
000000000000000000000001100000000000000000000
000000000000000000000001100000000000000000000
000000000000000000000001100000000000000000000
